0 0 2.71828 0 
0 0.128205 2.68331 0 
0 0.25641 2.58193 0 
0 0.384615 2.42409 0 
0 0.512821 2.2243 0 
0 0.641026 1.99915 0 
0 0.769231 1.76485 0 
0 0.897436 1.53525 0 
0 1.02564 1.32077 0 
0 1.15385 1.1281 0 
0 1.28205 0.960534 0 
0 1.41026 0.81871 0 
0 1.53846 0.701451 0 
0 1.66667 0.606531 0 
0 1.79487 0.531291 0 
0 1.92308 0.473071 0 
0 2.05128 0.429476 0 
0 2.17949 0.398527 0 
0 2.30769 0.378726 0 
0 2.4359 0.369074 0 
0 2.5641 0.369074 0 
0 2.69231 0.378726 0 
0 2.82051 0.398527 0 
0 2.94872 0.429476 0 
0 3.07692 0.473071 0 
0 3.20513 0.531291 0 
0 3.33333 0.606531 0 
0 3.46154 0.701451 0 
0 3.58974 0.81871 0 
0 3.71795 0.960534 0 
0 3.84615 1.1281 0 
0 3.97436 1.32077 0 
0 4.10256 1.53525 0 
0 4.23077 1.76485 0 
0 4.35897 1.99915 0 
0 4.48718 2.2243 0 
0 4.61538 2.42409 0 
0 4.74359 2.58193 0 
0 4.87179 2.68331 0 
0 5 2.71828 0 
0.4 0 2.467 0.984731 
0.4 0.128205 2.59026 0.9968 
0.4 0.25641 2.66342 0.990507 
0.4 0.384615 2.6873 0.965181 
0.4 0.512821 2.66342 0.921162 
0.4 0.641026 2.59026 0.860605 
0.4 0.769231 2.467 0.7876 
0.4 0.897436 2.29912 0.707311 
0.4 1.02564 2.09854 0.624875 
0.4 1.15385 1.8798 0.544664 
0.4 1.28205 1.65682 0.46995 
0.4 1.41026 1.4412 0.402841 
0.4 1.53846 1.24147 0.34439 
0.4 1.66667 1.06297 0.294814 
0.4 1.79487 0.908217 0.253746 
0.4 1.92308 0.777528 0.220473 
0.4 2.05128 0.669704 0.194131 
0.4 2.17949 0.582696 0.173848 
0.4 2.30769 0.51411 0.158838 
0.4 2.4359 0.461583 0.148452 
0.4 2.5641 0.423016 0.14221 
0.4 2.69231 0.396707 0.139812 
0.4 2.82051 0.381419 0.141141 
0.4 2.94872 0.376407 0.146264 
0.4 3.07692 0.381419 0.155437 
0.4 3.20513 0.396707 0.169094 
0.4 3.33333 0.423016 0.18785 
0.4 3.46154 0.461583 0.212471 
0.4 3.58974 0.51411 0.243834 
0.4 3.71795 0.582696 0.28284 
0.4 3.84615 0.669704 0.330285 
0.4 3.97436 0.777528 0.386671 
0.4 4.10256 0.908217 0.451966 
0.4 4.23077 1.06297 0.525342 
0.4 4.35897 1.24147 0.604929 
0.4 4.48718 1.4412 0.687671 
0.4 4.61538 1.65682 0.769349 
0.4 4.74359 1.8798 0.844847 
0.4 4.87179 2.09854 0.908656 
0.4 5 2.29912 0.955587 
0.8 0 1.76899 1.41974 
0.8 0.128205 1.98051 1.49335 
0.8 0.25641 2.17996 1.54257 
0.8 0.384615 2.35489 1.56412 
0.8 0.512821 2.49423 1.55672 
0.8 0.641026 2.5902 1.52102 
0.8 0.769231 2.63882 1.4593 
0.8 0.897436 2.63882 1.37514 
0.8 1.02564 2.5902 1.27329 
0.8 1.15385 2.49423 1.15935 
0.8 1.28205 2.35489 1.03941 
0.8 1.41026 2.17996 0.919309 
0.8 1.53846 1.98051 0.804051 
0.8 1.66667 1.76899 0.69743 
0.8 1.79487 1.55715 0.601905 
0.8 1.92308 1.3547 0.518718 
0.8 2.05128 1.16862 0.448126 
0.8 2.17949 1.00317 0.389683 
0.8 2.30769 0.860247 0.342513 
0.8 2.4359 0.739882 0.305545 
0.8 2.5641 0.640883 0.277699 
0.8 2.69231 0.561359 0.258014 
0.8 2.82051 0.499164 0.245732 
0.8 2.94872 0.452211 0.24035 
0.8 3.07692 0.41868 0.241642 
0.8 3.20513 0.397141 0.249679 
0.8 3.33333 0.386619 0.264822 
0.8 3.46154 0.386619 0.287713 
0.8 3.58974 0.397141 0.319243 
0.8 3.71795 0.41868 0.360493 
0.8 3.84615 0.452211 0.412625 
0.8 3.97436 0.499164 0.476725 
0.8 4.10256 0.561359 0.553582 
0.8 4.23077 0.640883 0.643402 
0.8 4.35897 0.739882 0.745501 
0.8 4.48718 0.860247 0.858011 
0.8 4.61538 1.00317 0.977669 
0.8 4.74359 1.16862 1.09977 
0.8 4.87179 1.3547 1.21837 
0.8 5 1.55715 1.32667 
1.2 0 1.10168 1.42765 
1.2 0.128205 1.27506 1.54826 
1.2 0.25641 1.46508 1.65494 
1.2 0.384615 1.66603 1.742 
1.2 0.512821 1.86986 1.80456 
1.2 0.641026 2.06658 1.83917 
1.2 0.769231 2.24531 1.84401 
1.2 0.897436 2.39559 1.81906 
1.2 1.02564 2.50879 1.76594 
1.2 1.15385 2.5789 1.68766 
1.2 1.28205 2.60262 1.58825 
1.2 1.41026 2.5789 1.47251 
1.2 1.53846 2.50879 1.34578 
1.2 1.66667 2.39559 1.21358 
1.2 1.79487 2.24531 1.0813 
1.2 1.92308 2.06658 0.953708 
1.2 2.05128 1.86986 0.834692 
1.2 2.17949 1.66603 0.727015 
1.2 2.30769 1.46508 0.632331 
1.2 2.4359 1.27506 0.551314 
1.2 2.5641 1.10168 0.483879 
1.2 2.69231 0.948326 0.429433 
1.2 2.82051 0.816354 0.387112 
1.2 2.94872 0.705607 0.355987 
1.2 3.07692 0.614902 0.335217 
1.2 3.20513 0.542505 0.32417 
1.2 3.33333 0.486497 0.322488 
1.2 3.46154 0.445054 0.330125 
1.2 3.58974 0.416626 0.347355 
1.2 3.71795 0.400048 0.374746 
1.2 3.84615 0.394603 0.413096 
1.2 3.97436 0.400048 0.463333 
1.2 4.10256 0.416626 0.526366 
1.2 4.23077 0.445054 0.602888 
1.2 4.35897 0.486497 0.69314 
1.2 4.48718 0.542505 0.796665 
1.2 4.61538 0.614902 0.912076 
1.2 4.74359 0.705607 1.0369 
1.2 4.87179 0.816354 1.16749 
1.2 5 0.948326 1.29917 
1.6 0 0.674565 1.22495 
1.6 0.128205 0.776307 1.35267 
1.6 0.25641 0.89808 1.47893 
1.6 0.384615 1.0402 1.59922 
1.6 0.512821 1.20172 1.70885 
1.6 0.641026 1.37998 1.80321 
1.6 0.769231 1.57034 1.87806 
1.6 0.897436 1.7661 1.92985 
1.6 1.02564 1.95877 1.95599 
1.6 1.15385 2.13874 1.95507 
1.6 1.28205 2.29628 1.92699 
1.6 1.41026 2.42262 1.87294 
1.6 1.53846 2.51075 1.79528 
1.6 1.66667 2.55599 1.69737 
1.6 1.79487 2.55599 1.58332 
1.6 1.92308 2.51075 1.45782 
1.6 2.05128 2.42262 1.32582 
1.6 2.17949 2.29628 1.19228 
1.6 2.30769 2.13874 1.06181 
1.6 2.4359 1.95877 0.938391 
1.6 2.5641 1.7661 0.825161 
1.6 2.69231 1.57034 0.724289 
1.6 2.82051 1.37998 0.637033 
1.6 2.94872 1.20172 0.563873 
1.6 3.07692 1.0402 0.504709 
1.6 3.20513 0.89808 0.459085 
1.6 3.33333 0.776307 0.426389 
1.6 3.46154 0.674565 0.406032 
1.6 3.58974 0.591705 0.397564 
1.6 3.71795 0.526142 0.400756 
1.6 3.84615 0.476179 0.41562 
1.6 3.97436 0.440242 0.442387 
1.6 4.10256 0.417042 0.481438 
1.6 4.23077 0.405674 0.533186 
1.6 4.35897 0.405674 0.597934 
1.6 4.48718 0.417042 0.675713 
1.6 4.61538 0.440242 0.766115 
1.6 4.74359 0.476179 0.868158 
1.6 4.87179 0.526142 0.980193 
1.6 5 0.591705 1.09987 
2 0 0.468309 0.979195 
2 0.128205 0.512307 1.08668 
2 0.25641 0.57126 1.19984 
2 0.384615 0.64665 1.31627 
2 0.512821 0.739909 1.43322 
2 0.641026 0.852138 1.5476 
2 0.769231 0.983767 1.65605 
2 0.897436 1.13417 1.75502 
2 1.02564 1.30129 1.84085 
2 1.15385 1.48137 1.91004 
2 1.28205 1.66882 1.95942 
2 1.41026 1.8564 1.98641 
2 1.53846 2.03566 1.98932 
2 1.66667 2.19765 1.96746 
2 1.79487 2.3338 1.92127 
2 1.92308 2.43671 1.85232 
2 2.05128 2.50076 1.76318 
2 2.17949 2.5225 1.65728 
2 2.30769 2.50076 1.53872 
2 2.4359 2.43671 1.412 
2 2.5641 2.3338 1.28178 
2 2.69231 2.19765 1.15258 
2 2.82051 2.03566 1.02848 
2 2.94872 1.8564 0.91294 
2 3.07692 1.66882 0.808627 
2 3.20513 1.48137 0.717382 
2 3.33333 1.30129 0.64029 
2 3.46154 1.13417 0.577811 
2 3.58974 0.983767 0.529959 
2 3.71795 0.852138 0.496479 
2 3.84615 0.739909 0.477004 
2 3.97436 0.64665 0.471168 
2 4.10256 0.57126 0.478665 
2 4.23077 0.512307 0.499255 
2 4.35897 0.468309 0.532735 
2 4.48718 0.437932 0.578863 
2 4.61538 0.420142 0.637281 
2 4.74359 0.414287 0.707436 
2 4.87179 0.420142 0.788514 
2 5 0.437932 0.879405 
2.4 0 0.426163 0.777704 
2.4 0.128205 0.426163 0.853822 
2.4 0.25641 0.438308 0.938424 
2.4 0.384615 0.463012 1.0304 
2.4 0.512821 0.501065 1.12849 
2.4 0.641026 0.553564 1.23123 
2.4 0.769231 0.621783 1.33691 
2.4 0.897436 0.706999 1.44352 
2.4 1.02564 0.81025 1.54867 
2.4 1.15385 0.932035 1.64961 
2.4 1.28205 1.07199 1.7433 
2.4 1.41026 1.22853 1.82645 
2.4 1.53846 1.39863 1.89575 
2.4 1.66667 1.57764 1.94805 
2.4 1.79487 1.75938 1.98063 
2.4 1.92308 1.93642 1.99144 
2.4 2.05128 2.10063 1.97929 
2.4 2.17949 2.24384 1.94401 
2.4 2.30769 2.35858 1.88649 
2.4 2.4359 2.43871 1.80864 
2.4 2.5641 2.47989 1.71329 
2.4 2.69231 2.47989 1.604 
2.4 2.82051 2.43871 1.48488 
2.4 2.94872 2.35858 1.3603 
2.4 3.07692 2.24384 1.23467 
2.4 3.20513 2.10063 1.11216 
2.4 3.33333 1.93642 0.996463 
2.4 3.46154 1.75938 0.890653 
2.4 3.58974 1.57764 0.797076 
2.4 3.71795 1.39863 0.717354 
2.4 3.84615 1.22853 0.652448 
2.4 3.97436 1.07199 0.602771 
2.4 4.10256 0.932035 0.568322 
2.4 4.23077 0.81025 0.548806 
2.4 4.35897 0.706999 0.543736 
2.4 4.48718 0.621783 0.552501 
2.4 4.61538 0.553564 0.574406 
2.4 4.74359 0.501065 0.608689 
2.4 4.87179 0.463012 0.654532 
2.4 5 0.438308 0.711068 
2.8 0 0.538643 0.661457 
2.8 0.128205 0.492506 0.701661 
2.8 0.25641 0.460439 0.751913 
2.8 0.384615 0.441573 0.811426 
2.8 0.512821 0.435349 0.879463 
2.8 0.641026 0.441573 0.955301 
2.8 0.769231 0.460439 1.03818 
2.8 0.897436 0.492506 1.12721 
2.8 1.02564 0.538643 1.22132 
2.8 1.15385 0.599919 1.31916 
2.8 1.28205 0.677454 1.41903 
2.8 1.41026 0.772206 1.51884 
2.8 1.53846 0.884711 1.61611 
2.8 1.66667 1.0148 1.708 
2.8 1.79487 1.16128 1.79145 
2.8 1.92308 1.32171 1.86323 
2.8 2.05128 1.49224 1.92025 
2.8 2.17949 1.66759 1.95968 
2.8 2.30769 1.84126 1.97927 
2.8 2.4359 2.0059 1.97746 
2.8 2.5641 2.15387 1.95363 
2.8 2.69231 2.27785 1.90812 
2.8 2.82051 2.37142 1.84227 
2.8 2.94872 2.42966 1.75835 
2.8 3.07692 2.44942 1.65943 
2.8 3.20513 2.42966 1.5492 
2.8 3.33333 2.37142 1.43175 
2.8 3.46154 2.27785 1.31134 
2.8 3.58974 2.15387 1.19213 
2.8 3.71795 2.0059 1.07795 
2.8 3.84615 1.84126 0.972158 
2.8 3.97436 1.66759 0.877448 
2.8 4.10256 1.49224 0.795824 
2.8 4.23077 1.32171 0.728589 
2.8 4.35897 1.16128 0.6764 
2.8 4.48718 1.0148 0.639367 
2.8 4.61538 0.884711 0.617162 
2.8 4.74359 0.772206 0.60914 
2.8 4.87179 0.677454 0.614452 
2.8 5 0.599919 0.632148 
3.2 0 0.841548 0.661769 
3.2 0.128205 0.737838 0.660242 
3.2 0.25641 0.651185 0.670869 
3.2 0.384615 0.581044 0.692804 
3.2 0.512821 0.526551 0.72526 
3.2 0.641026 0.486746 0.767532 
3.2 0.769231 0.46076 0.818999 
3.2 0.897436 0.44794 0.879093 
3.2 1.02564 0.44794 0.947252 
3.2 1.15385 0.46076 1.02286 
3.2 1.28205 0.486746 1.10515 
3.2 1.41026 0.526551 1.19319 
3.2 1.53846 0.581044 1.28574 
3.2 1.66667 0.651185 1.38124 
3.2 1.79487 0.737838 1.47777 
3.2 1.92308 0.841548 1.57303 
3.2 2.05128 0.962284 1.66439 
3.2 2.17949 1.09917 1.74895 
3.2 2.30769 1.25025 1.82365 
3.2 2.4359 1.41233 1.88547 
3.2 2.5641 1.5809 1.93158 
3.2 2.69231 1.75031 1.9596 
3.2 2.82051 1.91395 1.96775 
3.2 2.94872 2.06475 1.95503 
3.2 3.07692 2.19568 1.92135 
3.2 3.20513 2.30029 1.86753 
3.2 3.33333 2.37322 1.79535 
3.2 3.46154 2.41068 1.70739 
3.2 3.58974 2.41068 1.60691 
3.2 3.71795 2.37322 1.49767 
3.2 3.84615 2.30029 1.3837 
3.2 3.97436 2.19568 1.26905 
3.2 4.10256 2.06475 1.15756 
3.2 4.23077 1.91395 1.05268 
3.2 4.35897 1.75031 0.957281 
3.2 4.48718 1.5809 0.873579 
3.2 4.61538 1.41233 0.803077 
3.2 4.74359 1.25025 0.746611 
3.2 4.87179 1.09917 0.704423 
3.2 5 0.962284 0.676287 
3.6 0 1.33762 0.809468 
3.6 0.128205 1.18392 0.760476 
3.6 0.25641 1.04189 0.724938 
3.6 0.384615 0.914177 0.702596 
3.6 0.512821 0.802341 0.692964 
3.6 0.641026 0.707015 0.695423 
3.6 0.769231 0.628135 0.709314 
3.6 0.897436 0.565172 0.733987 
3.6 1.02564 0.517366 0.768834 
3.6 1.15385 0.483921 0.813287 
3.6 1.28205 0.464155 0.866804 
3.6 1.41026 0.457619 0.928832 
3.6 1.53846 0.464155 0.998755 
3.6 1.66667 0.483921 1.07584 
3.6 1.79487 0.517366 1.15917 
3.6 1.92308 0.565172 1.24759 
3.6 2.05128 0.628135 1.33966 
3.6 2.17949 0.707015 1.4336 
3.6 2.30769 0.802341 1.52729 
3.6 2.4359 0.914177 1.61829 
3.6 2.5641 1.04189 1.70389 
3.6 2.69231 1.18392 1.78122 
3.6 2.82051 1.33762 1.84735 
3.6 2.94872 1.49917 1.89953 
3.6 3.07692 1.66362 1.93529 
3.6 3.20513 1.82511 1.9527 
3.6 3.33333 1.97714 1.95047 
3.6 3.46154 2.11305 1.92815 
3.6 3.58974 2.22648 1.88614 
3.6 3.71795 2.31189 1.8257 
3.6 3.84615 2.36496 1.74895 
3.6 3.97436 2.38296 1.65871 
3.6 4.10256 2.36496 1.55832 
3.6 4.23077 2.31189 1.4515 
3.6 4.35897 2.22648 1.34206 
3.6 4.48718 2.11305 1.23371 
3.6 4.61538 1.97714 1.12987 
3.6 4.74359 1.82511 1.03347 
3.6 4.87179 1.66362 0.94688 
3.6 5 1.49917 0.871815 
4 0 1.89155 1.10319 
4 0.128205 1.73964 1.01341 
4 0.25641 1.58123 0.933586 
4 0.384615 1.42224 0.865177 
4 0.512821 1.26788 0.809124 
4 0.641026 1.12244 0.765894 
4 0.769231 0.989169 0.735573 
4 0.897436 0.870252 0.717953 
4 1.02564 0.766928 0.712631 
4 1.15385 0.679646 0.719088 
4 1.28205 0.608281 0.736751 
4 1.41026 0.552345 0.765036 
4 1.53846 0.51119 0.803365 
4 1.66667 0.484177 0.851168 
4 1.79487 0.470806 0.90786 
4 1.92308 0.470806 0.972806 
4 2.05128 0.484177 1.04527 
4 2.17949 0.51119 1.12438 
4 2.30769 0.552345 1.20905 
4 2.4359 0.608281 1.29792 
4 2.5641 0.679646 1.38937 
4 2.69231 0.766928 1.48144 
4 2.82051 0.870252 1.57189 
4 2.94872 0.989169 1.6582 
4 3.07692 1.12244 1.73766 
4 3.20513 1.26788 1.8075 
4 3.33333 1.42224 1.86502 
4 3.46154 1.58123 1.90775 
4 3.58974 1.73964 1.93364 
4 3.71795 1.89155 1.9412 
4 3.84615 2.03073 1.92964 
4 3.97436 2.15102 1.89896 
4 4.10256 2.24681 1.85 
4 4.23077 2.31346 1.78435 
4 4.35897 2.34765 1.70436 
4 4.48718 2.34765 1.61293 
4 4.61538 2.31346 1.51336 
4 4.74359 2.24681 1.40917 
4 4.87179 2.15102 1.3039 
4 5 2.03073 1.20088 
4.4 0 2.25731 1.46865 
4.4 0.128205 2.17901 1.36658 
4.4 0.25641 2.07474 1.26475 
4.4 0.384615 1.94934 1.16625 
4.4 0.512821 1.80836 1.07382 
4.4 0.641026 1.65768 0.989742 
4.4 0.769231 1.5031 0.915829 
4.4 0.897436 1.34996 0.853361 
4.4 1.02564 1.20287 0.803146 
4.4 1.15385 1.06556 0.765565 
4.4 1.28205 0.940778 0.740658 
4.4 1.41026 0.830326 0.728205 
4.4 1.53846 0.735183 0.727807 
4.4 1.66667 0.655669 0.738959 
4.4 1.79487 0.591627 0.761101 
4.4 1.92308 0.542627 0.793653 
4.4 2.05128 0.508137 0.836026 
4.4 2.17949 0.487668 0.887612 
4.4 2.30769 0.480885 0.947764 
4.4 2.4359 0.487668 1.01576 
4.4 2.5641 0.508137 1.09074 
4.4 2.69231 0.542627 1.17168 
4.4 2.82051 0.591627 1.25734 
4.4 2.94872 0.655669 1.3462 
4.4 3.07692 0.735183 1.43648 
4.4 3.20513 0.830326 1.5261 
4.4 3.33333 0.940778 1.61272 
4.4 3.46154 1.06556 1.69381 
4.4 3.58974 1.20287 1.76674 
4.4 3.71795 1.34996 1.82889 
4.4 3.84615 1.5031 1.87781 
4.4 3.97436 1.65768 1.91137 
4.4 4.10256 1.80836 1.92789 
4.4 4.23077 1.94934 1.92632 
4.4 4.35897 2.07474 1.90628 
4.4 4.48718 2.17901 1.86816 
4.4 4.61538 2.25731 1.81311 
4.4 4.74359 2.30587 1.74296 
4.4 4.87179 2.32233 1.66016 
4.4 5 2.30587 1.56763 
4.8 0 2.25867 1.77373 
4.8 0.128205 2.29001 1.69931 
4.8 0.25641 2.29001 1.6139 
4.8 0.384615 2.25867 1.52045 
4.8 0.512821 2.1975 1.42213 
4.8 0.641026 2.10938 1.32219 
4.8 0.769231 1.99837 1.22375 
4.8 0.897436 1.86939 1.12966 
4.8 1.02564 1.72787 1.04244 
4.8 1.15385 1.57936 0.964112 
4.8 1.28205 1.42919 0.896259 
4.8 1.41026 1.28218 0.839967 
4.8 1.53846 1.1424 0.795887 
4.8 1.66667 1.01308 0.764289 
4.8 1.79487 0.896529 0.745141 
4.8 1.92308 0.79425 0.738185 
4.8 2.05128 0.707018 0.74301 
4.8 2.17949 0.635055 0.759111 
4.8 2.30769 0.578203 0.785928 
4.8 2.4359 0.536099 0.822875 
4.8 2.5641 0.508326 0.869341 
4.8 2.69231 0.494538 0.924672 
4.8 2.82051 0.494538 0.988151 
4.8 2.94872 0.508326 1.05896 
4.8 3.07692 0.536099 1.13611 
4.8 3.20513 0.578203 1.21846 
4.8 3.33333 0.635055 1.30459 
4.8 3.46154 0.707018 1.39287 
4.8 3.58974 0.79425 1.48136 
4.8 3.71795 0.896529 1.56791 
4.8 3.84615 1.01308 1.65013 
4.8 3.97436 1.1424 1.72554 
4.8 4.10256 1.28218 1.79161 
4.8 4.23077 1.42919 1.8459 
4.8 4.35897 1.57936 1.88623 
4.8 4.48718 1.72787 1.91077 
4.8 4.61538 1.86939 1.91821 
4.8 4.74359 1.99837 1.90788 
4.8 4.87179 2.10938 1.87976 
4.8 5 2.1975 1.83456 
5.2 0 1.9225 1.90361 
5.2 0.128205 2.03868 1.8847 
5.2 0.25641 2.13494 1.84881 
5.2 0.384615 2.20703 1.79699 
5.2 0.512821 2.25167 1.73092 
5.2 0.641026 2.26679 1.65282 
5.2 0.769231 2.25167 1.56538 
5.2 0.897436 2.20703 1.47156 
5.2 1.02564 2.13494 1.37447 
5.2 1.15385 2.03868 1.27719 
5.2 1.28205 1.9225 1.18264 
5.2 1.41026 1.7913 1.09342 
5.2 1.53846 1.6503 1.01177 
5.2 1.66667 1.50472 0.939491 
5.2 1.79487 1.35943 0.877923 
5.2 1.92308 1.21876 0.827968 
5.2 2.05128 1.08629 0.790131 
5.2 2.17949 0.964801 0.764586 
5.2 2.30769 0.856264 0.751238 
5.2 2.4359 0.761915 0.749798 
5.2 2.5641 0.682374 0.759844 
5.2 2.69231 0.617801 0.780867 
5.2 2.82051 0.568057 0.812304 
5.2 2.94872 0.532851 0.853552 
5.2 3.07692 0.511879 0.903966 
5.2 3.20513 0.504915 0.962838 
5.2 3.33333 0.511879 1.02937 
5.2 3.46154 0.532851 1.10264 
5.2 3.58974 0.568057 1.18154 
5.2 3.71795 0.617801 1.26478 
5.2 3.84615 0.682374 1.35083 
5.2 3.97436 0.761915 1.43791 
5.2 4.10256 0.856264 1.52398 
5.2 4.23077 0.964801 1.60684 
5.2 4.35897 1.08629 1.6841 
5.2 4.48718 1.21876 1.75332 
5.2 4.61538 1.35943 1.81211 
5.2 4.74359 1.50472 1.85823 
5.2 4.87179 1.6503 1.88975 
5.2 5 1.7913 1.90519 
5.6 0 1.4338 1.82739 
5.6 0.128205 1.57582 1.86498 
5.6 0.25641 1.71538 1.88755 
5.6 0.384615 1.84762 1.89397 
5.6 0.512821 1.96758 1.88364 
5.6 0.641026 2.07043 1.85661 
5.6 0.769231 2.15183 1.81359 
5.6 0.897436 2.20823 1.7559 
5.6 1.02564 2.23708 1.68543 
5.6 1.15385 2.23708 1.60455 
5.6 1.28205 2.20823 1.51599 
5.6 1.41026 2.15183 1.42267 
5.6 1.53846 2.07043 1.32757 
5.6 1.66667 1.96758 1.23358 
5.6 1.79487 1.84762 1.1434 
5.6 1.92308 1.71538 1.05939 
5.6 2.05128 1.57582 0.983544 
5.6 2.17949 1.4338 0.917419 
5.6 2.30769 1.29376 0.862159 
5.6 2.4359 1.15957 0.818505 
5.6 2.5641 1.03438 0.786841 
5.6 2.69231 0.920584 0.767257 
5.6 2.82051 0.819863 0.75961 
5.6 2.94872 0.733239 0.763584 
5.6 3.07692 0.661219 0.778743 
5.6 3.20513 0.603926 0.804569 
5.6 3.33333 0.561249 0.840487 
5.6 3.46154 0.532976 0.885865 
5.6 3.58974 0.518901 0.940013 
5.6 3.71795 0.518901 1.00216 
5.6 3.84615 0.532976 1.0714 
5.6 3.97436 0.561249 1.14672 
5.6 4.10256 0.603926 1.22689 
5.6 4.23077 0.661219 1.31046 
5.6 4.35897 0.733239 1.3958 
5.6 4.48718 0.819863 1.48099 
5.6 4.61538 0.920584 1.56394 
5.6 4.74359 1.03438 1.64239 
5.6 4.87179 1.15957 1.71399 
5.6 5 1.29376 1.7764 
6 0 0.986529 1.60039 
6 0.128205 1.10448 1.6737 
6 0.25641 1.2321 1.739 
6 0.384615 1.3666 1.79411 
6 0.512821 1.50454 1.837 
6 0.641026 1.64188 1.86597 
6 0.769231 1.77415 1.87972 
6 0.897436 1.89664 1.87745 
6 1.02564 2.00466 1.85893 
6 1.15385 2.09388 1.82454 
6 1.28205 2.16053 1.77526 
6 1.41026 2.20174 1.71266 
6 1.53846 2.21568 1.63878 
6 1.66667 2.20174 1.55608 
6 1.79487 2.16053 1.46726 
6 1.92308 2.09388 1.37518 
6 2.05128 2.00466 1.28267 
6 2.17949 1.89664 1.19243 
6 2.30769 1.77415 1.10694 
6 2.4359 1.64188 1.02832 
6 2.5641 1.50454 0.958341 
6 2.69231 1.3666 0.898357 
6 2.82051 1.2321 0.849333 
6 2.94872 1.10448 0.811871 
6 3.07692 0.986529 0.786253 
6 3.20513 0.880303 0.772496 
6 3.33333 0.787229 0.770414 
6 3.46154 0.70817 0.779666 
6 3.58974 0.643544 0.799799 
6 3.71795 0.593461 0.830277 
6 3.84615 0.557846 0.870499 
6 3.97436 0.53656 0.919793 
6 4.10256 0.52948 0.977407 
6 4.23077 0.53656 1.04248 
6 4.35897 0.557846 1.11403 
6 4.48718 0.593461 1.1909 
6 4.61538 0.643544 1.27174 
6 4.74359 0.70817 1.35497 
6 4.87179 0.787229 1.43884 
6 5 0.880303 1.52136 
6.4 0 0.686677 1.31539 
6.4 0.128205 0.758297 1.39755 
6.4 0.25641 0.84386 1.47921 
6.4 0.384615 0.942634 1.55833 
6.4 0.512821 1.0534 1.63278 
6.4 0.641026 1.17437 1.70037 
6.4 0.769231 1.3031 1.75895 
6.4 0.897436 1.43654 1.80649 
6.4 1.02564 1.57102 1.84124 
6.4 1.15385 1.70243 1.86175 
6.4 1.28205 1.82634 1.86704 
6.4 1.41026 1.93826 1.85664 
6.4 1.53846 2.03389 1.83064 
6.4 1.66667 2.10938 1.7897 
6.4 1.79487 2.16158 1.73506 
6.4 1.92308 2.18826 1.66845 
6.4 2.05128 2.18826 1.59205 
6.4 2.17949 2.16158 1.50833 
6.4 2.30769 2.10938 1.41997 
6.4 2.4359 2.03389 1.32972 
6.4 2.5641 1.93826 1.24026 
6.4 2.69231 1.82634 1.15411 
6.4 2.82051 1.70243 1.07351 
6.4 2.94872 1.57102 1.00038 
6.4 3.07692 1.43654 0.936285 
6.4 3.20513 1.3031 0.882388 
6.4 3.33333 1.17437 0.839504 
6.4 3.46154 1.0534 0.80811 
6.4 3.58974 0.942634 0.788399 
6.4 3.71795 0.84386 0.780328 
6.4 3.84615 0.758297 0.783667 
6.4 3.97436 0.686677 0.798047 
6.4 4.10256 0.629358 0.822989 
6.4 4.23077 0.586447 0.85793 
6.4 4.35897 0.557912 0.902227 
6.4 4.48718 0.543672 0.955151 
6.4 4.61538 0.543672 1.01588 
6.4 4.74359 0.557912 1.08345 
6.4 4.87179 0.586447 1.15678 
6.4 5 0.629358 1.23458 
6.8 0 0.5615 1.05495 
6.8 0.128205 0.582928 1.12451 
6.8 0.25641 0.618679 1.19904 
6.8 0.384615 0.668747 1.27716 
6.8 0.512821 0.73302 1.35731 
6.8 0.641026 0.811181 1.43773 
6.8 0.769231 0.902599 1.51652 
6.8 0.897436 1.00623 1.59165 
6.8 1.02564 1.1205 1.66101 
6.8 1.15385 1.2433 1.7225 
6.8 1.28205 1.37188 1.77412 
6.8 1.41026 1.50295 1.81404 
6.8 1.53846 1.63273 1.84075 
6.8 1.66667 1.75709 1.85308 
6.8 1.79487 1.87175 1.85037 
6.8 1.92308 1.97252 1.83243 
6.8 2.05128 2.0555 1.79965 
6.8 2.17949 2.11736 1.75294 
6.8 2.30769 2.15555 1.69376 
6.8 2.4359 2.16847 1.62397 
6.8 2.5641 2.15555 1.54582 
6.8 2.69231 2.11736 1.46179 
6.8 2.82051 2.0555 1.3745 
6.8 2.94872 1.97252 1.28658 
6.8 3.07692 1.87175 1.20055 
6.8 3.20513 1.75709 1.11873 
6.8 3.33333 1.63273 1.04318 
6.8 3.46154 1.50295 0.975603 
6.8 3.58974 1.37188 0.917373 
6.8 3.71795 1.2433 0.869496 
6.8 3.84615 1.1205 0.832646 
6.8 3.97436 1.00623 0.807193 
6.8 4.10256 0.902599 0.793247 
6.8 4.23077 0.811181 0.790708 
6.8 4.35897 0.73302 0.799302 
6.8 4.48718 0.668747 0.818625 
6.8 4.61538 0.618679 0.848163 
6.8 4.74359 0.582928 0.887311 
6.8 4.87179 0.5615 0.935373 
6.8 5 0.554362 0.991555 
7.2 0 0.611529 0.875037 
7.2 0.128205 0.582941 0.918086 
7.2 0.25641 0.568647 0.969564 
7.2 0.384615 0.568647 1.02861 
7.2 0.512821 0.582941 1.09422 
7.2 0.641026 0.611529 1.16528 
7.2 0.769231 0.654379 1.24047 
7.2 0.897436 0.711369 1.31833 
7.2 1.02564 0.782211 1.39722 
7.2 1.15385 0.866353 1.47533 
7.2 1.28205 0.962884 1.55072 
7.2 1.41026 1.07044 1.62138 
7.2 1.53846 1.18716 1.68526 
7.2 1.66667 1.31059 1.74038 
7.2 1.79487 1.43778 1.7849 
7.2 1.92308 1.56528 1.81721 
7.2 2.05128 1.68923 1.83605 
7.2 2.17949 1.80561 1.84054 
7.2 2.30769 1.91034 1.83028 
7.2 2.4359 1.99955 1.8054 
7.2 2.5641 2.0698 1.76654 
7.2 2.69231 2.11829 1.71482 
7.2 2.82051 2.14305 1.65186 
7.2 2.94872 2.14305 1.57964 
7.2 3.07692 2.11829 1.50045 
7.2 3.20513 2.0698 1.41674 
7.2 3.33333 1.99955 1.33105 
7.2 3.46154 1.91034 1.24589 
7.2 3.58974 1.80561 1.1636 
7.2 3.71795 1.68923 1.08634 
7.2 3.84615 1.56528 1.01595 
7.2 3.97436 1.43778 0.953956 
7.2 4.10256 1.31059 0.901563 
7.2 4.23077 1.18716 0.859625 
7.2 4.35897 1.07044 0.828692 
7.2 4.48718 0.962884 0.809036 
7.2 4.61538 0.866353 0.800691 
7.2 4.74359 0.782211 0.803499 
7.2 4.87179 0.711369 0.817141 
7.2 5 0.654379 0.841171 
7.6 0 0.83384 0.810546 
7.6 0.128205 0.756914 0.818492 
7.6 0.25641 0.693331 0.836955 
7.6 0.384615 0.643581 0.865446 
7.6 0.512821 0.607932 0.903364 
7.6 0.641026 0.586511 0.950004 
7.6 0.769231 0.579367 1.00455 
7.6 0.897436 0.586511 1.06606 
7.6 1.02564 0.607932 1.13346 
7.6 1.15385 0.643581 1.20552 
7.6 1.28205 0.693331 1.28087 
7.6 1.41026 0.756914 1.35794 
7.6 1.53846 0.83384 1.43503 
7.6 1.66667 0.92331 1.51029 
7.6 1.79487 1.02413 1.5818 
7.6 1.92308 1.13465 1.64756 
7.6 2.05128 1.25271 1.70564 
7.6 2.17949 1.37563 1.75418 
7.6 2.30769 1.50026 1.79153 
7.6 2.4359 1.62306 1.81631 
7.6 2.5641 1.74023 1.82751 
7.6 2.69231 1.84784 1.82453 
7.6 2.82051 1.94211 1.80724 
7.6 2.94872 2.01954 1.77603 
7.6 3.07692 2.07715 1.73176 
7.6 3.20513 2.11267 1.67576 
7.6 3.33333 2.12467 1.60975 
7.6 3.46154 2.11267 1.53581 
7.6 3.58974 2.07715 1.45622 
7.6 3.71795 2.01954 1.3734 
7.6 3.84615 1.94211 1.28979 
7.6 3.97436 1.84784 1.20775 
7.6 4.10256 1.74023 1.12948 
7.6 4.23077 1.62306 1.05693 
7.6 4.35897 1.50026 0.991781 
7.6 4.48718 1.37563 0.935382 
7.6 4.61538 1.25271 0.888769 
7.6 4.74359 1.13465 0.852666 
7.6 4.87179 1.02413 0.82751 
7.6 5 0.92331 0.813481 
8 0 1.19824 0.87886 
8 0.128205 1.08576 0.84847 
8 0.25641 0.981524 0.828939 
8 0.384615 0.887456 0.820367 
8 0.512821 0.805019 0.822655 
8 0.641026 0.735264 0.835534 
8 0.769231 0.678897 0.858593 
8 0.897436 0.636359 0.891296 
8 1.02564 0.6079 0.93299 
8 1.15385 0.593645 0.982909 
8 1.28205 0.593645 1.04017 
8 1.41026 0.6079 1.10375 
8 1.53846 0.636359 1.17249 
8 1.66667 0.678897 1.24509 
8 1.79487 0.735264 1.32007 
8 1.92308 0.805019 1.39582 
8 2.05128 0.887456 1.47058 
8 2.17949 0.981524 1.54251 
8 2.30769 1.08576 1.60968 
8 2.4359 1.19824 1.67019 
8 2.5641 1.31655 1.7222 
8 2.69231 1.43784 1.76403 
8 2.82051 1.55883 1.79421 
8 2.94872 1.67595 1.8116 
8 3.07692 1.78549 1.81545 
8 3.20513 1.88373 1.80542 
8 3.33333 1.96719 1.78163 
8 3.46154 2.03277 1.74471 
8 3.58974 2.07797 1.69571 
8 3.71795 2.10103 1.63612 
8 3.84615 2.10103 1.56777 
8 3.97436 2.07797 1.49276 
8 4.10256 2.03277 1.41336 
8 4.23077 1.96719 1.33194 
8 4.35897 1.88373 1.25082 
8 4.48718 1.78549 1.17223 
8 4.61538 1.67595 1.09818 
8 4.74359 1.55883 1.03048 
8 4.87179 1.43784 0.97061 
8 5 1.31655 0.919773 
8.4 0 1.61308 1.06968 
8.4 0.128205 1.49673 1.00691 
8.4 0.25641 1.37813 0.952337 
8.4 0.384615 1.26062 0.907023 
8.4 0.512821 1.14719 0.871723 
8.4 0.641026 1.04046 0.846926 
8.4 0.769231 0.942583 0.832874 
8.4 0.897436 0.855284 0.829592 
8.4 1.02564 0.77986 0.836917 
8.4 1.15385 0.717244 0.854526 
8.4 1.28205 0.668064 0.881955 
8.4 1.41026 0.632716 0.918615 
8.4 1.53846 0.611432 0.963795 
8.4 1.66667 0.604326 1.01666 
8.4 1.79487 0.611432 1.07626 
8.4 1.92308 0.632716 1.14149 
8.4 2.05128 0.668064 1.21112 
8.4 2.17949 0.717244 1.28375 
8.4 2.30769 0.77986 1.35785 
8.4 2.4359 0.855284 1.43176 
8.4 2.5641 0.942583 1.50371 
8.4 2.69231 1.04046 1.57183 
8.4 2.82051 1.14719 1.63428 
8.4 2.94872 1.26062 1.68924 
8.4 3.07692 1.37813 1.73499 
8.4 3.20513 1.49673 1.77004 
8.4 3.33333 1.61308 1.79312 
8.4 3.46154 1.72366 1.80334 
8.4 3.58974 1.82489 1.80018 
8.4 3.71795 1.91331 1.78356 
8.4 3.84615 1.98576 1.75383 
8.4 3.97436 2.03957 1.71182 
8.4 4.10256 2.07271 1.65876 
8.4 4.23077 2.08391 1.59625 
8.4 4.35897 2.07271 1.5262 
8.4 4.48718 2.03957 1.45073 
8.4 4.61538 1.98576 1.37207 
8.4 4.74359 1.91331 1.29249 
8.4 4.87179 1.82489 1.21422 
8.4 5 1.72366 1.13933 
8.8 0 1.93666 1.33247 
8.8 0.128205 1.85838 1.25514 
8.8 0.25641 1.76601 1.18003 
8.8 0.384615 1.66271 1.10906 
8.8 0.512821 1.55188 1.04395 
8.8 0.641026 1.43695 0.986167 
8.8 0.769231 1.32125 0.9369 
8.8 0.897436 1.20787 0.89706 
8.8 1.02564 1.09957 0.867286 
8.8 1.15385 0.998728 0.847962 
8.8 1.28205 0.907279 0.839244 
8.8 1.41026 0.826765 0.841084 
8.8 1.53846 0.758343 0.853256 
8.8 1.66667 0.702842 0.875379 
8.8 1.79487 0.660824 0.906934 
8.8 1.92308 0.632646 0.947273 
8.8 2.05128 0.618511 0.995622 
8.8 2.17949 0.618511 1.05108 
8.8 2.30769 0.632646 1.11262 
8.8 2.4359 0.660824 1.17906 
8.8 2.5641 0.702842 1.2491 
8.8 2.69231 0.758343 1.32127 
8.8 2.82051 0.826765 1.39399 
8.8 2.94872 0.907279 1.46557 
8.8 3.07692 0.998728 1.53422 
8.8 3.20513 1.09957 1.59814 
8.8 3.33333 1.20787 1.65554 
8.8 3.46154 1.32125 1.7047 
8.8 3.58974 1.43695 1.74409 
8.8 3.71795 1.55188 1.77236 
8.8 3.84615 1.66271 1.78849 
8.8 3.97436 1.76601 1.7918 
8.8 4.10256 1.85838 1.78202 
8.8 4.23077 1.93666 1.75929 
8.8 4.35897 1.99806 1.72418 
8.8 4.48718 2.04031 1.67771 
8.8 4.61538 2.06184 1.62123 
8.8 4.74359 2.06184 1.55645 
8.8 4.87179 2.04031 1.4853 
8.8 5 1.99806 1.40991 
9.2 0 2.04585 1.58341 
9.2 0.128205 2.03538 1.51696 
9.2 0.25641 2.00437 1.44529 
9.2 0.384615 1.95396 1.37049 
9.2 0.512821 1.88599 1.29469 
9.2 0.641026 1.80287 1.21997 
9.2 0.769231 1.70746 1.14828 
9.2 0.897436 1.60293 1.08143 
9.2 1.02564 1.49256 1.02097 
9.2 1.15385 1.37963 0.968231 
9.2 1.28205 1.26727 0.924258 
9.2 1.41026 1.15835 0.889836 
9.2 1.53846 1.05539 0.865492 
9.2 1.66667 0.960554 0.851515 
9.2 1.79487 0.875591 0.847976 
9.2 1.92308 0.801878 0.854757 
9.2 2.05128 0.74045 0.871568 
9.2 2.17949 0.692046 0.89797 
9.2 2.30769 0.657166 0.933383 
9.2 2.4359 0.636126 0.977099 
9.2 2.5641 0.629095 1.02828 
9.2 2.69231 0.636126 1.08595 
9.2 2.82051 0.657166 1.14901 
9.2 2.94872 0.692046 1.21621 
9.2 3.07692 0.74045 1.28617 
9.2 3.20513 0.801878 1.35739 
9.2 3.33333 0.875591 1.42825 
9.2 3.46154 0.960554 1.49703 
9.2 3.58974 1.05539 1.56198 
9.2 3.71795 1.15835 1.62134 
9.2 3.84615 1.26727 1.67341 
9.2 3.97436 1.37963 1.71662 
9.2 4.10256 1.49256 1.74958 
9.2 4.23077 1.60293 1.77115 
9.2 4.35897 1.70746 1.78053 
9.2 4.48718 1.80287 1.77725 
9.2 4.61538 1.88599 1.76126 
9.2 4.74359 1.95396 1.73294 
9.2 4.87179 2.00437 1.69303 
9.2 5 2.03538 1.64269 
9.6 0 1.9078 1.73823 
9.6 0.128205 1.96542 1.70482 
9.6 0.25641 2.00503 1.66068 
9.6 0.384615 2.0252 1.60707 
9.6 0.512821 2.0252 1.54559 
9.6 0.641026 2.00503 1.47803 
9.6 0.769231 1.96542 1.40636 
9.6 0.897436 1.9078 1.33262 
9.6 1.02564 1.83421 1.25886 
9.6 1.15385 1.74717 1.18705 
9.6 1.28205 1.64959 1.11903 
9.6 1.41026 1.54458 1.05645 
9.6 1.53846 1.43531 1.00074 
9.6 1.66667 1.32489 0.953072 
9.6 1.79487 1.21627 0.914368 
9.6 1.92308 1.11208 0.885294 
9.6 2.05128 1.01465 0.866272 
9.6 2.17949 0.925927 0.8575 
9.6 2.30769 0.847501 0.858971 
9.6 2.4359 0.780605 0.870496 
9.6 2.5641 0.726164 0.891723 
9.6 2.69231 0.684836 0.922148 
9.6 2.82051 0.657065 0.961132 
9.6 2.94872 0.643116 1.0079 
9.6 3.07692 0.643116 1.06155 
9.6 3.20513 0.657065 1.12103 
9.6 3.33333 0.684836 1.18518 
9.6 3.46154 0.726164 1.25268 
9.6 3.58974 0.780605 1.3221 
9.6 3.71795 0.847501 1.3919 
9.6 3.84615 0.925927 1.46043 
9.6 3.97436 1.01465 1.52599 
9.6 4.10256 1.11208 1.58686 
9.6 4.23077 1.21627 1.64136 
9.6 4.35897 1.32489 1.68791 
9.6 4.48718 1.43531 1.72506 
9.6 4.61538 1.54458 1.7516 
9.6 4.74359 1.64959 1.76661 
9.6 4.87179 1.74717 1.76948 
9.6 5 1.83421 1.75996 
10 0 1.5927 1.75031 
10 0.128205 1.69167 1.75893 
10 0.25641 1.78175 1.75558 
10 0.384615 1.86006 1.74022 
10 0.512821 1.92397 1.7132 
10 0.641026 1.97131 1.67525 
10 0.769231 2.0004 1.62743 
10 0.897436 2.01021 1.57114 
10 1.02564 2.0004 1.50802 
10 1.15385 1.97131 1.43989 
10 1.28205 1.92397 1.36871 
10 1.41026 1.86006 1.29645 
10 1.53846 1.78175 1.22508 
10 1.66667 1.69167 1.15647 
10 1.79487 1.5927 1.09232 
10 1.92308 1.4879 1.03414 
10 2.05128 1.3803 0.983239 
10 2.17949 1.27286 0.940649 
10 2.30769 1.16831 0.90717 
10 2.4359 1.0691 0.883358 
10 2.5641 0.977347 0.869537 
10 2.69231 0.894836 0.865817 
10 2.82051 0.822993 0.872115 
10 2.94872 0.762927 0.888172 
10 3.07692 0.715464 0.913571 
10 3.20513 0.681188 0.947746 
10 3.33333 0.660479 0.989992 
10 3.46154 0.653554 1.03947 
10 3.58974 0.660479 1.0952 
10 3.71795 0.681188 1.15609 
10 3.84615 0.715464 1.22089 
10 3.97436 0.762927 1.28824 
10 4.10256 0.822993 1.35666 
10 4.23077 0.894836 1.42458 
10 4.35897 0.977347 1.49035 
10 4.48718 1.0691 1.5523 
10 4.61538 1.16831 1.60877 
10 4.74359 1.27286 1.65818 
10 4.87179 1.3803 1.69904 
10 5 1.4879 1.7301 
10.4 0 1.22361 1.62766 
10.4 0.128205 1.32767 1.67178 
10.4 0.25641 1.43308 1.70688 
10.4 0.384615 1.53705 1.73186 
10.4 0.512821 1.63668 1.74586 
10.4 0.641026 1.729 1.74834 
10.4 0.769231 1.81116 1.7391 
10.4 0.897436 1.88049 1.71831 
10.4 1.02564 1.93469 1.68649 
10.4 1.15385 1.9719 1.64452 
10.4 1.28205 1.99084 1.59359 
10.4 1.41026 1.99084 1.53518 
10.4 1.53846 1.9719 1.47095 
10.4 1.66667 1.93469 1.40276 
10.4 1.79487 1.88049 1.3325 
10.4 1.92308 1.81116 1.26211 
10.4 2.05128 1.729 1.19345 
10.4 2.17949 1.63668 1.12827 
10.4 2.30769 1.53705 1.06816 
10.4 2.4359 1.43308 1.01449 
10.4 2.5641 1.32767 0.968434 
10.4 2.69231 1.22361 0.930908 
10.4 2.82051 1.12344 0.902595 
10.4 2.94872 1.02942 0.883945 
10.4 3.07692 0.943494 0.875188 
10.4 3.20513 0.867275 0.876352 
10.4 3.33333 0.802054 0.887279 
10.4 3.46154 0.748825 0.907641 
10.4 3.58974 0.708324 0.936952 
10.4 3.71795 0.681061 0.974584 
10.4 3.84615 0.667352 1.01977 
10.4 3.97436 0.667352 1.07159 
10.4 4.10256 0.681061 1.12903 
10.4 4.23077 0.708324 1.1909 
10.4 4.35897 0.748825 1.25591 
10.4 4.48718 0.802054 1.32265 
10.4 4.61538 0.867275 1.38962 
10.4 4.74359 0.943494 1.45523 
10.4 4.87179 1.02942 1.51785 
10.4 5 1.12344 1.57586 
10.8 0 0.913091 1.4208 
10.8 0.128205 0.993071 1.4837 
10.8 0.25641 1.08171 1.54282 
10.8 0.384615 1.17724 1.59658 
10.8 0.512821 1.27756 1.6435 
10.8 0.641026 1.38031 1.6822 
10.8 0.769231 1.48288 1.71151 
10.8 0.897436 1.5825 1.73049 
10.8 1.02564 1.67632 1.73846 
10.8 1.15385 1.76151 1.73507 
10.8 1.28205 1.83541 1.72031 
10.8 1.41026 1.89564 1.69453 
10.8 1.53846 1.94018 1.6584 
10.8 1.66667 1.96754 1.61294 
10.8 1.79487 1.97676 1.55943 
10.8 1.92308 1.96754 1.49942 
10.8 2.05128 1.94018 1.4346 
10.8 2.17949 1.89564 1.3668 
10.8 2.30769 1.83541 1.29789 
10.8 2.4359 1.76151 1.22971 
10.8 2.5641 1.67632 1.16403 
10.8 2.69231 1.5825 1.10249 
10.8 2.82051 1.48288 1.04655 
10.8 2.94872 1.38031 0.997471 
10.8 3.07692 1.27756 0.956282 
10.8 3.20513 1.17724 0.923789 
10.8 3.33333 1.08171 0.900565 
10.8 3.46154 0.993071 0.886962 
10.8 3.58974 0.913091 0.88312 
10.8 3.71795 0.843234 0.888986 
10.8 3.84615 0.784664 0.904328 
10.8 3.97436 0.738272 0.928748 
10.8 4.10256 0.704706 0.961697 
10.8 4.23077 0.6844 1.00248 
10.8 4.35897 0.677605 1.05025 
10.8 4.48718 0.6844 1.10406 
10.8 4.61538 0.704706 1.16278 
10.8 4.74359 0.738272 1.22521 
10.8 4.87179 0.784664 1.29 
10.8 5 0.843234 1.35571 
11.2 0 0.731234 1.19626 
11.2 0.128205 0.770802 1.25882 
11.2 0.25641 0.8227 1.32296 
11.2 0.384615 0.886138 1.3872 
11.2 0.512821 0.960067 1.45001 
11.2 0.641026 1.04316 1.50984 
11.2 0.769231 1.1338 1.56515 
11.2 0.897436 1.23006 1.61442 
11.2 1.02564 1.32974 1.65629 
11.2 1.15385 1.4304 1.68951 
11.2 1.28205 1.5294 1.71305 
11.2 1.41026 1.62402 1.72615 
11.2 1.53846 1.71149 1.7283 
11.2 1.66667 1.78916 1.71936 
11.2 1.79487 1.8546 1.69947 
11.2 1.92308 1.90568 1.66914 
11.2 2.05128 1.94073 1.6292 
11.2 2.17949 1.95855 1.58077 
11.2 2.30769 1.95855 1.52521 
11.2 2.4359 1.94073 1.46411 
11.2 2.5641 1.90568 1.39917 
11.2 2.69231 1.8546 1.33219 
11.2 2.82051 1.78916 1.26499 
11.2 2.94872 1.71149 1.19933 
11.2 3.07692 1.62402 1.13688 
11.2 3.20513 1.5294 1.07915 
11.2 3.33333 1.4304 1.0275 
11.2 3.46154 1.32974 0.983055 
11.2 3.58974 1.23006 0.946731 
11.2 3.71795 1.1338 0.919221 
11.2 3.84615 1.04316 0.900995 
11.2 3.97436 0.960067 0.892308 
11.2 4.10256 0.886138 0.893216 
11.2 4.23077 0.8227 0.903587 
11.2 4.35897 0.770802 0.923115 
11.2 4.48718 0.731234 0.951333 
11.2 4.61538 0.704559 0.987624 
11.2 4.74359 0.691134 1.03123 
11.2 4.87179 0.691134 1.08124 
11.2 5 0.704559 1.13664 
11.6 0 0.707816 1.01455 
11.6 0.128205 0.70117 1.06063 
11.6 0.25641 0.707816 1.11252 
11.6 0.384615 0.727664 1.16912 
11.6 0.512821 0.760436 1.22922 
11.6 0.641026 0.805657 1.29151 
11.6 0.769231 0.86263 1.35458 
11.6 0.897436 0.93042 1.41695 
11.6 1.02564 1.00782 1.47712 
11.6 1.15385 1.09336 1.53355 
11.6 1.28205 1.18527 1.58477 
11.6 1.41026 1.28151 1.62937 
11.6 1.53846 1.37979 1.66607 
11.6 1.66667 1.47762 1.69379 
11.6 1.79487 1.57239 1.71164 
11.6 1.92308 1.66143 1.71902 
11.6 2.05128 1.74211 1.71563 
11.6 2.17949 1.81198 1.70146 
11.6 2.30769 1.86883 1.67684 
11.6 2.4359 1.91083 1.64243 
11.6 2.5641 1.93661 1.59917 
11.6 2.69231 1.9453 1.54827 
11.6 2.82051 1.93661 1.49116 
11.6 2.94872 1.91083 1.42945 
11.6 3.07692 1.86883 1.36483 
11.6 3.20513 1.81198 1.29907 
11.6 3.33333 1.74211 1.23392 
11.6 3.46154 1.66143 1.17105 
11.6 3.58974 1.57239 1.11203 
11.6 3.71795 1.47762 1.05827 
11.6 3.84615 1.37979 1.01099 
11.6 3.97436 1.28151 0.971203 
11.6 4.10256 1.18527 0.939723 
11.6 4.23077 1.09336 0.917129 
11.6 4.35897 1.00782 0.903792 
11.6 4.48718 0.93042 0.899876 
11.6 4.61538 0.86263 0.905354 
11.6 4.74359 0.805657 0.920016 
11.6 4.87179 0.760436 0.943484 
11.6 5 0.727664 0.975223 
12 0 0.84256 0.919402 
12 0.128205 0.792079 0.938127 
12 0.25641 0.753525 0.965274 
12 0.384615 0.727501 1.00024 
12 0.512821 0.714394 1.04228 
12 0.641026 0.714394 1.0905 
12 0.769231 0.727501 1.14388 
12 0.897436 0.753525 1.20128 
12 1.02564 0.792079 1.26146 
12 1.15385 0.84256 1.32306 
12 1.28205 0.904136 1.38467 
12 1.41026 0.975726 1.44481 
12 1.53846 1.05598 1.50199 
12 1.66667 1.14328 1.55474 
12 1.79487 1.23574 1.60166 
12 1.92308 1.33122 1.64143 
12 2.05128 1.42737 1.67291 
12 2.17949 1.52171 1.69514 
12 2.30769 1.61165 1.70742 
12 2.4359 1.69462 1.7093 
12 2.5641 1.76817 1.70064 
12 2.69231 1.83003 1.68162 
12 2.82051 1.87827 1.6527 
12 2.94872 1.91133 1.61466 
12 3.07692 1.92814 1.56856 
12 3.20513 1.92814 1.51569 
12 3.33333 1.91133 1.4575 
12 3.46154 1.87827 1.39563 
12 3.58974 1.83003 1.33174 
12 3.71795 1.76817 1.26756 
12 3.84615 1.69462 1.20476 
12 3.97436 1.61165 1.14492 
12 4.10256 1.52171 1.08952 
12 4.23077 1.42737 1.03983 
12 4.35897 1.33122 0.99698 
12 4.48718 1.23574 0.961869 
12 4.61538 1.14328 0.935191 
12 4.74359 1.05598 0.917429 
12 4.87179 0.975726 0.908856 
12 5 0.904136 0.90955 
12.4 0 1.10416 0.933062 
12.4 0.128205 1.02169 0.920029 
12.4 0.25641 0.946885 0.916079 
12.4 0.384615 0.881215 0.921207 
12.4 0.512821 0.825908 0.935221 
12.4 0.641026 0.781932 0.957764 
12.4 0.769231 0.750017 0.988315 
12.4 0.897436 0.73067 1.0262 
12.4 1.02564 0.724188 1.07062 
12.4 1.15385 0.73067 1.12061 
12.4 1.28205 0.750017 1.17511 
12.4 1.41026 0.781932 1.23293 
12.4 1.53846 0.825908 1.29279 
12.4 1.66667 0.881215 1.35331 
12.4 1.79487 0.946885 1.41308 
12.4 1.92308 1.02169 1.47064 
12.4 2.05128 1.10416 1.52453 
12.4 2.17949 1.19253 1.57336 
12.4 2.30769 1.28483 1.61579 
12.4 2.4359 1.37884 1.65063 
12.4 2.5641 1.4722 1.67687 
12.4 2.69231 1.56243 1.6937 
12.4 2.82051 1.64702 1.70057 
12.4 2.94872 1.72353 1.69719 
12.4 3.07692 1.78968 1.68359 
12.4 3.20513 1.84343 1.66008 
12.4 3.33333 1.88311 1.62729 
12.4 3.46154 1.90744 1.58609 
12.4 3.58974 1.91563 1.53762 
12.4 3.71795 1.90744 1.48324 
12.4 3.84615 1.88311 1.42444 
12.4 3.97436 1.84343 1.36282 
12.4 4.10256 1.78968 1.30005 
12.4 4.23077 1.72353 1.23777 
12.4 4.35897 1.64702 1.17759 
12.4 4.48718 1.56243 1.12099 
12.4 4.61538 1.4722 1.06935 
12.4 4.74359 1.37884 1.02383 
12.4 4.87179 1.28483 0.985451 
12.4 5 1.19253 0.954998 
12.8 0 1.42409 1.05153 
12.8 0.128205 1.33221 1.01025 
12.8 0.25641 1.24076 0.976354 
12.8 0.384615 1.15199 0.950525 
12.8 0.512821 1.06797 0.933254 
12.8 0.641026 0.990539 0.92483 
12.8 0.769231 0.921315 0.925347 
12.8 0.897436 0.86165 0.934714 
12.8 1.02564 0.812649 0.952665 
12.8 1.15385 0.77517 0.978768 
12.8 1.28205 0.749842 1.01243 
12.8 1.41026 0.737078 1.05293 
12.8 1.53846 0.737078 1.09937 
12.8 1.66667 0.749842 1.15078 
12.8 1.79487 0.77517 1.20601 
12.8 1.92308 0.812649 1.26386 
12.8 2.05128 0.86165 1.32301 
12.8 2.17949 0.921315 1.38208 
12.8 2.30769 0.990539 1.43966 
12.8 2.4359 1.06797 1.49432 
12.8 2.5641 1.15199 1.54467 
12.8 2.69231 1.24076 1.58936 
12.8 2.82051 1.33221 1.62717 
12.8 2.94872 1.42409 1.65704 
12.8 3.07692 1.51403 1.67807 
12.8 3.20513 1.5996 1.68961 
12.8 3.33333 1.6784 1.69126 
12.8 3.46154 1.74812 1.6829 
12.8 3.58974 1.8067 1.66469 
12.8 3.71795 1.85232 1.6371 
12.8 3.84615 1.88356 1.60085 
12.8 3.97436 1.89944 1.55695 
12.8 4.10256 1.89944 1.50658 
12.8 4.23077 1.88356 1.45114 
12.8 4.35897 1.85232 1.39215 
12.8 4.48718 1.8067 1.33118 
12.8 4.61538 1.74812 1.26987 
12.8 4.74359 1.6784 1.20979 
12.8 4.87179 1.5996 1.15246 
12.8 5 1.51403 1.09929 
13.2 0 1.70572 1.24131 
13.2 0.128205 1.63309 1.18369 
13.2 0.25641 1.55265 1.12943 
13.2 0.384615 1.46669 1.07984 
13.2 0.512821 1.37757 1.03605 
13.2 0.641026 1.28762 0.999058 
13.2 0.769231 1.19912 0.969637 
13.2 0.897436 1.11419 0.94838 
13.2 1.02564 1.03476 0.935677 
13.2 1.15385 0.962541 0.931727 
13.2 1.28205 0.89902 0.936537 
13.2 1.41026 0.845425 0.949935 
13.2 1.53846 0.802745 0.971581 
13.2 1.66667 0.771734 1.00097 
13.2 1.79487 0.752919 1.03745 
13.2 1.92308 0.746613 1.08022 
13.2 2.05128 0.752919 1.12835 
13.2 2.17949 0.771734 1.18079 
13.2 2.30769 0.802745 1.23639 
13.2 2.4359 0.845425 1.29388 
13.2 2.5641 0.89902 1.35195 
13.2 2.69231 0.962541 1.40922 
13.2 2.82051 1.03476 1.46429 
13.2 2.94872 1.11419 1.51577 
13.2 3.07692 1.19912 1.56234 
13.2 3.20513 1.28762 1.60274 
13.2 3.33333 1.37757 1.63585 
13.2 3.46154 1.46669 1.66073 
13.2 3.58974 1.55265 1.67662 
13.2 3.71795 1.63309 1.68302 
13.2 3.84615 1.70572 1.67969 
13.2 3.97436 1.76843 1.66664 
13.2 4.10256 1.81933 1.64418 
13.2 4.23077 1.85687 1.6129 
13.2 4.35897 1.87987 1.57364 
13.2 4.48718 1.88762 1.52747 
13.2 4.61538 1.87987 1.47564 
13.2 4.74359 1.85687 1.41958 
13.2 4.87179 1.81933 1.36079 
13.2 5 1.76843 1.30085 
13.6 0 1.85729 1.44502 
13.6 0.128205 1.82772 1.38874 
13.6 0.25641 1.78451 1.33053 
13.6 0.384615 1.72898 1.27194 
13.6 0.512821 1.66279 1.21446 
13.6 0.641026 1.58789 1.15954 
13.6 0.769231 1.50642 1.10853 
13.6 0.897436 1.42063 1.06264 
13.6 1.02564 1.33281 1.02291 
13.6 1.15385 1.24522 0.990213 
13.6 1.28205 1.16002 0.965241 
13.6 1.41026 1.0792 0.948483 
13.6 1.53846 1.00457 0.940235 
13.6 1.66667 0.937717 0.940605 
13.6 1.79487 0.879993 0.949518 
13.6 1.92308 0.83251 0.966725 
13.6 2.05128 0.796147 0.99181 
13.6 2.17949 0.771551 1.0242 
13.6 2.30769 0.759147 1.06318 
13.6 2.4359 0.759147 1.10789 
13.6 2.5641 0.771551 1.15735 
13.6 2.69231 0.796147 1.21047 
13.6 2.82051 0.83251 1.26605 
13.6 2.94872 0.879993 1.32283 
13.6 3.07692 0.937717 1.37946 
13.6 3.20513 1.00457 1.43459 
13.6 3.33333 1.0792 1.48686 
13.6 3.46154 1.16002 1.53492 
13.6 3.58974 1.24522 1.57752 
13.6 3.71795 1.33281 1.61351 
13.6 3.84615 1.42063 1.64187 
13.6 3.97436 1.50642 1.66179 
13.6 4.10256 1.58789 1.67266 
13.6 4.23077 1.66279 1.67411 
13.6 4.35897 1.72898 1.66604 
13.6 4.48718 1.78451 1.64862 
13.6 4.61538 1.82772 1.62229 
13.6 4.74359 1.85729 1.58773 
13.6 4.87179 1.87231 1.54588 
13.6 5 1.87231 1.49787 
14 0 1.83201 1.59923 
14 0.128205 1.85379 1.56179 
14 0.25641 1.86113 1.51777 
14 0.384615 1.85379 1.46836 
14 0.512821 1.83201 1.41488 
14 0.641026 1.79645 1.35877 
14 0.769231 1.74819 1.3015 
14 0.897436 1.68867 1.24456 
14 1.02564 1.61964 1.18941 
14 1.15385 1.54309 1.13739 
14 1.28205 1.46114 1.08978 
14 1.41026 1.37603 1.04769 
14 1.53846 1.28997 1.01206 
14 1.66667 1.20513 0.983666 
14 1.79487 1.12354 0.963097 
14 1.92308 1.04708 0.950747 
14 2.05128 0.977439 0.946822 
14 2.17949 0.916075 0.951343 
14 2.30769 0.864219 0.964156 
14 2.4359 0.822869 0.984934 
14 2.5641 0.792793 1.01319 
14 2.69231 0.774533 1.04829 
14 2.82051 0.76841 1.08944 
14 2.94872 0.774533 1.13575 
14 3.07692 0.792793 1.18619 
14 3.20513 0.822869 1.23962 
14 3.33333 0.864219 1.29483 
14 3.46154 0.916075 1.35052 
14 3.58974 0.977439 1.40539 
14 3.71795 1.04708 1.45808 
14 3.84615 1.12354 1.50728 
14 3.97436 1.20513 1.55172 
14 4.10256 1.28997 1.59021 
14 4.23077 1.37603 1.6217 
14 4.35897 1.46114 1.64532 
14 4.48718 1.54309 1.66035 
14 4.61538 1.61964 1.66634 
14 4.74359 1.68867 1.66305 
14 4.87179 1.74819 1.65053 
14 5 1.79645 1.62907 
14.4 0 1.6478 1.6578 
14.4 0.128205 1.71069 1.65003 
14.4 0.25641 1.7634 1.63335 
14.4 0.384615 1.80437 1.6082 
14.4 0.512821 1.8324 1.57523 
14.4 0.641026 1.84663 1.53532 
14.4 0.769231 1.84663 1.48954 
14.4 0.897436 1.8324 1.43912 
14.4 1.02564 1.80437 1.38541 
14.4 1.15385 1.7634 1.32982 
14.4 1.28205 1.71069 1.27381 
14.4 1.41026 1.6478 1.21881 
14.4 1.53846 1.57654 1.16621 
14.4 1.66667 1.49891 1.11728 
14.4 1.79487 1.41704 1.0732 
14.4 1.92308 1.33309 1.03498 
14.4 2.05128 1.2492 1.00348 
14.4 2.17949 1.16744 0.979362 
14.4 2.30769 1.08975 0.963129 
14.4 2.4359 1.01788 0.955078 
14.4 2.5641 0.953383 0.955327 
14.4 2.69231 0.897609 0.963815 
14.4 2.82051 0.851669 0.980307 
14.4 2.94872 0.816448 1.0044 
14.4 3.07692 0.792605 1.03555 
14.4 3.20513 0.780575 1.07305 
14.4 3.33333 0.780575 1.11606 
14.4 3.46154 0.792605 1.16362 
14.4 3.58974 0.816448 1.21468 
14.4 3.71795 0.851669 1.26806 
14.4 3.84615 0.897609 1.32254 
14.4 3.97436 0.953383 1.37683 
14.4 4.10256 1.01788 1.42962 
14.4 4.23077 1.08975 1.4796 
14.4 4.35897 1.16744 1.5255 
14.4 4.48718 1.2492 1.56614 
14.4 4.61538 1.33309 1.60041 
14.4 4.74359 1.41704 1.62738 
14.4 4.87179 1.49891 1.64627 
14.4 5 1.57654 1.65652 
14.8 0 1.3743 1.60816 
14.8 0.128205 1.45561 1.63059 
14.8 0.25641 1.53376 1.64483 
14.8 0.384615 1.60667 1.65045 
14.8 0.512821 1.67233 1.64723 
14.8 0.641026 1.72888 1.63522 
14.8 0.769231 1.7747 1.61471 
14.8 0.897436 1.80843 1.58622 
14.8 1.02564 1.82908 1.55051 
14.8 1.15385 1.83604 1.50852 
14.8 1.28205 1.82908 1.46138 
14.8 1.41026 1.80843 1.41034 
14.8 1.53846 1.7747 1.35676 
14.8 1.66667 1.72888 1.30203 
14.8 1.79487 1.67233 1.24758 
14.8 1.92308 1.60667 1.19477 
14.8 2.05128 1.53376 1.14491 
14.8 2.17949 1.45561 1.09922 
14.8 2.30769 1.3743 1.05877 
14.8 2.4359 1.29195 1.02448 
14.8 2.5641 1.21062 0.99711 
14.8 2.69231 1.13227 0.977234 
14.8 2.82051 1.05872 0.96525 
14.8 2.94872 0.991625 0.961371 
14.8 3.07692 0.932411 0.96563 
14.8 3.20513 0.882303 0.977884 
14.8 3.33333 0.842302 0.997823 
14.8 3.46154 0.813181 1.02498 
14.8 3.58974 0.79549 1.05872 
14.8 3.71795 0.789557 1.09831 
14.8 3.84615 0.79549 1.14284 
14.8 3.97436 0.813181 1.19132 
14.8 4.10256 0.842302 1.24264 
14.8 4.23077 0.882303 1.29564 
14.8 4.35897 0.932411 1.34905 
14.8 4.48718 0.991625 1.40161 
14.8 4.61538 1.05872 1.45204 
14.8 4.74359 1.13227 1.49906 
14.8 4.87179 1.21062 1.54148 
14.8 5 1.29195 1.57818 
15.2 0 1.09968 1.47256 
15.2 0.128205 1.17433 1.51642 
15.2 0.25641 1.25276 1.55519 
15.2 0.384615 1.3331 1.58785 
15.2 0.512821 1.41338 1.61351 
15.2 0.641026 1.49155 1.63145 
15.2 0.769231 1.56555 1.64114 
15.2 0.897436 1.6334 1.64228 
15.2 1.02564 1.69321 1.63479 
15.2 1.15385 1.74329 1.61883 
15.2 1.28205 1.78219 1.5948 
15.2 1.41026 1.80879 1.56334 
15.2 1.53846 1.82228 1.52526 
15.2 1.66667 1.82228 1.48157 
15.2 1.79487 1.80879 1.43346 
15.2 1.92308 1.78219 1.38217 
15.2 2.05128 1.74329 1.32906 
15.2 2.17949 1.69321 1.27551 
15.2 2.30769 1.6334 1.22288 
15.2 2.4359 1.56555 1.17249 
15.2 2.5641 1.49155 1.12557 
15.2 2.69231 1.41338 1.08324 
15.2 2.82051 1.3331 1.0465 
15.2 2.94872 1.25276 1.01617 
15.2 3.07692 1.17433 0.992908 
15.2 3.20513 1.09968 0.977207 
15.2 3.33333 1.03051 0.969368 
15.2 3.46154 0.968349 0.969518 
15.2 3.58974 0.91452 0.977606 
15.2 3.71795 0.870131 0.993412 
15.2 3.84615 0.836066 1.01655 
15.2 3.97436 0.81299 1.04649 
15.2 4.10256 0.801342 1.08254 
15.2 4.23077 0.801342 1.12389 
15.2 4.35897 0.81299 1.16961 
15.2 4.48718 0.836066 1.21866 
15.2 4.61538 0.870131 1.26991 
15.2 4.74359 0.91452 1.32218 
15.2 4.87179 0.968349 1.37421 
15.2 5 1.03051 1.42476 
15.6 0 0.899695 1.29633 
15.6 0.128205 0.948058 1.34755 
15.6 0.25641 1.00514 1.3979 
15.6 0.384615 1.06974 1.44616 
15.6 0.512821 1.14045 1.49112 
15.6 0.641026 1.21565 1.53163 
15.6 0.769231 1.29361 1.56663 
15.6 0.897436 1.37242 1.5952 
15.6 1.02564 1.45011 1.61653 
15.6 1.15385 1.5247 1.63004 
15.6 1.28205 1.59418 1.63531 
15.6 1.41026 1.65668 1.63216 
15.6 1.53846 1.71046 1.62065 
15.6 1.66667 1.754 1.60104 
15.6 1.79487 1.78603 1.57384 
15.6 1.92308 1.80564 1.53975 
15.6 2.05128 1.81224 1.49967 
15.6 2.17949 1.80564 1.45468 
15.6 2.30769 1.78603 1.40595 
15.6 2.4359 1.754 1.35477 
15.6 2.5641 1.71046 1.30246 
15.6 2.69231 1.65668 1.25037 
15.6 2.82051 1.59418 1.19981 
15.6 2.94872 1.5247 1.15203 
15.6 3.07692 1.45011 1.10819 
15.6 3.20513 1.37242 1.06934 
15.6 3.33333 1.29361 1.03636 
15.6 3.46154 1.21565 1.00999 
15.6 3.58974 1.14045 0.990807 
15.6 3.71795 1.06974 0.979199 
15.6 3.84615 1.00514 0.975383 
15.6 3.97436 0.948058 0.979402 
15.6 4.10256 0.899695 0.991123 
15.6 4.23077 0.861049 1.01025 
15.6 4.35897 0.832893 1.03633 
15.6 4.48718 0.815778 1.06877 
15.6 4.61538 0.810036 1.10682 
15.6 4.74359 0.815778 1.14962 
15.6 4.87179 0.832893 1.1962 
15.6 5 0.861049 1.24548 
16 0 0.821437 1.1314 
16 0.128205 0.832699 1.17532 
16 0.25641 0.855004 1.22243 
16 0.384615 0.887908 1.27162 
16 0.512821 0.93075 1.32175 
16 0.641026 0.98265 1.37162 
16 0.769231 1.04251 1.42002 
16 0.897436 1.10904 1.46575 
16 1.02564 1.18074 1.50766 
16 1.15385 1.25596 1.54468 
16 1.28205 1.33291 1.57582 
16 1.41026 1.40968 1.60025 
16 1.53846 1.48434 1.6173 
16 1.66667 1.55493 1.62647 
16 1.79487 1.61958 1.62748 
16 1.92308 1.67651 1.62027 
16 2.05128 1.72413 1.605 
16 2.17949 1.7611 1.58205 
16 2.30769 1.78637 1.552 
16 2.4359 1.79918 1.51565 
16 2.5641 1.79918 1.47395 
16 2.69231 1.78637 1.42801 
16 2.82051 1.7611 1.37902 
16 2.94872 1.72413 1.32827 
16 3.07692 1.67651 1.27706 
16 3.20513 1.61958 1.22669 
16 3.33333 1.55493 1.17842 
16 3.46154 1.48434 1.13343 
16 3.58974 1.40968 1.09281 
16 3.71795 1.33291 1.0575 
16 3.84615 1.25596 1.02832 
16 3.97436 1.18074 1.0059 
16 4.10256 1.10904 0.990733 
16 4.23077 1.04251 0.983119 
16 4.35897 0.98265 0.983187 
16 4.48718 0.93075 0.990899 
16 4.61538 0.887908 1.00604 
16 4.74359 0.855004 1.02826 
16 4.87179 0.832699 1.05701 
16 5 0.821437 1.09166 
16.4 0 0.879117 1.02223 
16.4 0.128205 0.851926 1.04727 
16.4 0.25641 0.835391 1.07843 
16.4 0.384615 0.829842 1.11499 
16.4 0.512821 0.835391 1.15611 
16.4 0.641026 0.851926 1.20084 
16.4 0.769231 0.879117 1.24815 
16.4 0.897436 0.916412 1.29693 
16.4 1.02564 0.963044 1.34604 
16.4 1.15385 1.01803 1.39427 
16.4 1.28205 1.08018 1.44046 
16.4 1.41026 1.14812 1.48345 
16.4 1.53846 1.2203 1.52215 
16.4 1.66667 1.295 1.55556 
16.4 1.79487 1.37043 1.58278 
16.4 1.92308 1.4447 1.60309 
16.4 2.05128 1.5159 1.61591 
16.4 2.17949 1.58216 1.62088 
16.4 2.30769 1.6417 1.61781 
16.4 2.4359 1.69289 1.60677 
16.4 2.5641 1.73429 1.58802 
16.4 2.69231 1.76474 1.56203 
16.4 2.82051 1.78337 1.52948 
16.4 2.94872 1.78964 1.49123 
16.4 3.07692 1.78337 1.44826 
16.4 3.20513 1.76474 1.40172 
16.4 3.33333 1.73429 1.35282 
16.4 3.46154 1.69289 1.30281 
16.4 3.58974 1.6417 1.25297 
16.4 3.71795 1.58216 1.20456 
16.4 3.84615 1.5159 1.15877 
16.4 3.97436 1.4447 1.11673 
16.4 4.10256 1.37043 1.07942 
16.4 4.23077 1.295 1.04771 
16.4 4.35897 1.2203 1.02233 
16.4 4.48718 1.14812 1.00383 
16.4 4.61538 1.08018 0.992607 
16.4 4.74359 1.01803 0.988869 
16.4 4.87179 0.963044 0.992666 
16.4 5 0.916412 1.00388 
16.8 0 1.05393 0.996341 
16.8 0.128205 0.99632 0.996344 
16.8 0.25641 0.946323 1.0037 
16.8 0.384615 0.905014 1.01821 
16.8 0.512821 0.873265 1.03953 
16.8 0.641026 0.851733 1.06714 
16.8 0.769231 0.840857 1.10042 
16.8 0.897436 0.840857 1.13859 
16.8 1.02564 0.851733 1.18078 
16.8 1.15385 0.873265 1.226 
16.8 1.28205 0.905014 1.27321 
16.8 1.41026 0.946323 1.32128 
16.8 1.53846 0.99632 1.36907 
16.8 1.66667 1.05393 1.41541 
16.8 1.79487 1.11788 1.45916 
16.8 1.92308 1.18672 1.49923 
16.8 2.05128 1.25885 1.53458 
16.8 2.17949 1.33254 1.56429 
16.8 2.30769 1.40598 1.58757 
16.8 2.4359 1.47731 1.60378 
16.8 2.5641 1.54468 1.61248 
16.8 2.69231 1.60631 1.61338 
16.8 2.82051 1.66053 1.60645 
16.8 2.94872 1.70586 1.59183 
16.8 3.07692 1.74103 1.56989 
16.8 3.20513 1.76505 1.54119 
16.8 3.33333 1.77723 1.50648 
16.8 3.46154 1.77723 1.46666 
16.8 3.58974 1.76505 1.42278 
16.8 3.71795 1.74103 1.37597 
16.8 3.84615 1.70586 1.32746 
16.8 3.97436 1.66053 1.27848 
16.8 4.10256 1.60631 1.23027 
16.8 4.23077 1.54468 1.18403 
16.8 4.35897 1.47731 1.14091 
16.8 4.48718 1.40598 1.10192 
16.8 4.61538 1.33254 1.06801 
16.8 4.74359 1.25885 1.03994 
16.8 4.87179 1.18672 1.01836 
16.8 5 1.11788 1.00372 
17.2 0 1.29618 1.05857 
17.2 0.128205 1.22459 1.03416 
17.2 0.25641 1.15534 1.01634 
17.2 0.384615 1.09009 1.00549 
17.2 0.512821 1.03032 1.00184 
17.2 0.641026 0.977397 1.00543 
17.2 0.769231 0.932472 1.01616 
17.2 0.897436 0.896515 1.03376 
17.2 1.02564 0.870285 1.0578 
17.2 1.15385 0.854328 1.08772 
17.2 1.28205 0.848973 1.12283 
17.2 1.41026 0.854328 1.16231 
17.2 1.53846 0.870285 1.20526 
17.2 1.66667 0.896515 1.25066 
17.2 1.79487 0.932472 1.29746 
17.2 1.92308 0.977397 1.34452 
17.2 2.05128 1.03032 1.39073 
17.2 2.17949 1.09009 1.43494 
17.2 2.30769 1.15534 1.47606 
17.2 2.4359 1.22459 1.51304 
17.2 2.5641 1.29618 1.54493 
17.2 2.69231 1.36837 1.5709 
17.2 2.82051 1.43937 1.59024 
17.2 2.94872 1.50737 1.60243 
17.2 3.07692 1.57059 1.60711 
17.2 3.20513 1.62735 1.60413 
17.2 3.33333 1.6761 1.59355 
17.2 3.46154 1.71551 1.57561 
17.2 3.58974 1.74448 1.55078 
17.2 3.71795 1.7622 1.51969 
17.2 3.84615 1.76816 1.48315 
17.2 3.97436 1.7622 1.44211 
17.2 4.10256 1.74448 1.39765 
17.2 4.23077 1.71551 1.3509 
17.2 4.35897 1.6761 1.30308 
17.2 4.48718 1.62735 1.25539 
17.2 4.61538 1.57059 1.20904 
17.2 4.74359 1.50737 1.16517 
17.2 4.87179 1.43937 1.12485 
17.2 5 1.36837 1.08903 
17.6 0 1.53479 1.18935 
17.6 0.128205 1.47047 1.14801 
17.6 0.25641 1.4023 1.11061 
17.6 0.384615 1.33205 1.07805 
17.6 0.512821 1.26147 1.05107 
17.6 0.641026 1.19232 1.0303 
17.6 0.769231 1.12624 1.0162 
17.6 0.897436 1.0648 1.00905 
17.6 1.02564 1.00939 1.009 
17.6 1.15385 0.96126 1.01602 
17.6 1.28205 0.921465 1.02992 
17.6 1.41026 0.89086 1.05037 
17.6 1.53846 0.870094 1.07689 
17.6 1.66667 0.859602 1.10884 
17.6 1.79487 0.859602 1.14549 
17.6 1.92308 0.870094 1.18599 
17.6 2.05128 0.89086 1.22939 
17.6 2.17949 0.921465 1.27468 
17.6 2.30769 0.96126 1.32077 
17.6 2.4359 1.00939 1.36656 
17.6 2.5641 1.0648 1.41094 
17.6 2.69231 1.12624 1.4528 
17.6 2.82051 1.19232 1.49111 
17.6 2.94872 1.26147 1.52488 
17.6 3.07692 1.33205 1.55324 
17.6 3.20513 1.4023 1.57544 
17.6 3.33333 1.47047 1.59087 
17.6 3.46154 1.53479 1.59912 
17.6 3.58974 1.59358 1.59994 
17.6 3.71795 1.64526 1.59327 
17.6 3.84615 1.68844 1.57927 
17.6 3.97436 1.72192 1.5583 
17.6 4.10256 1.74477 1.53088 
17.6 4.23077 1.75636 1.49772 
17.6 4.35897 1.75636 1.45968 
17.6 4.48718 1.74477 1.41775 
17.6 4.61538 1.72192 1.37302 
17.6 4.74359 1.68844 1.32664 
17.6 4.87179 1.64526 1.27978 
17.6 5 1.59358 1.23364 
18 0 1.69761 1.34904 
18 0.128205 1.66007 1.3033 
18 0.25641 1.6136 1.25766 
18 0.384615 1.55947 1.21328 
18 0.512821 1.49913 1.17124 
18 0.641026 1.43417 1.13258 
18 0.769231 1.36627 1.09821 
18 0.897436 1.29716 1.06896 
18 1.02564 1.22856 1.04548 
18 1.15385 1.16215 1.02833 
18 1.28205 1.09949 1.01786 
18 1.41026 1.04205 1.01431 
18 1.53846 0.991143 1.01771 
18 1.66667 0.947896 1.02798 
18 1.79487 0.913259 1.04485 
18 1.92308 0.887979 1.06792 
18 2.05128 0.872594 1.09664 
18 2.17949 0.86743 1.13035 
18 2.30769 0.872594 1.16826 
18 2.4359 0.887979 1.20948 
18 2.5641 0.913259 1.25304 
18 2.69231 0.947896 1.29791 
18 2.82051 0.991143 1.34302 
18 2.94872 1.04205 1.38728 
18 3.07692 1.09949 1.42961 
18 3.20513 1.16215 1.46894 
18 3.33333 1.22856 1.50429 
18 3.46154 1.29716 1.53475 
18 3.58974 1.36627 1.55952 
18 3.71795 1.43417 1.57796 
18 3.84615 1.49913 1.58955 
18 3.97436 1.55947 1.59397 
18 4.10256 1.6136 1.59109 
18 4.23077 1.66007 1.58094 
18 4.35897 1.69761 1.56378 
18 4.48718 1.72519 1.54005 
18 4.61538 1.74206 1.51034 
18 4.74359 1.74773 1.47543 
18 4.87179 1.74206 1.43622 
18 5 1.72519 1.39373 
18.4 0 1.7365 1.48935 
18.4 0.128205 1.7365 1.453 
18.4 0.25641 1.72547 1.41293 
18.4 0.384615 1.7037 1.37017 
18.4 0.512821 1.6718 1.32581 
18.4 0.641026 1.63065 1.28098 
18.4 0.769231 1.58136 1.23681 
18.4 0.897436 1.52526 1.19439 
18.4 1.02564 1.46383 1.15477 
18.4 1.15385 1.39867 1.1189 
18.4 1.28205 1.33145 1.08764 
18.4 1.41026 1.26386 1.06173 
18.4 1.53846 1.19756 1.04175 
18.4 1.66667 1.13416 1.02817 
18.4 1.79487 1.07515 1.02126 
18.4 1.92308 1.02189 1.02116 
18.4 2.05128 0.975585 1.02787 
18.4 2.17949 0.937277 1.04119 
18.4 2.30769 0.907799 1.06081 
18.4 2.4359 0.88779 1.08625 
18.4 2.5641 0.877677 1.11692 
18.4 2.69231 0.877677 1.1521 
18.4 2.82051 0.88779 1.19097 
18.4 2.94872 0.907799 1.23262 
18.4 3.07692 0.937277 1.27605 
18.4 3.20513 0.975585 1.32024 
18.4 3.33333 1.02189 1.36411 
18.4 3.46154 1.07515 1.4066 
18.4 3.58974 1.13416 1.44667 
18.4 3.71795 1.19756 1.4833 
18.4 3.84615 1.26386 1.51557 
18.4 3.97436 1.33145 1.54265 
18.4 4.10256 1.39867 1.56383 
18.4 4.23077 1.46383 1.57853 
18.4 4.35897 1.52526 1.58637 
18.4 4.48718 1.58136 1.5871 
18.4 4.61538 1.63065 1.5807 
18.4 4.74359 1.6718 1.5673 
18.4 4.87179 1.7037 1.54724 
18.4 5 1.72547 1.52103 
18.8 0 1.64475 1.56891 
18.8 0.128205 1.68053 1.5525 
18.8 0.25641 1.70681 1.5298 
18.8 0.384615 1.72288 1.50141 
18.8 0.512821 1.72828 1.46805 
18.8 0.641026 1.72288 1.43057 
18.8 0.769231 1.70681 1.38995 
18.8 0.897436 1.68053 1.34722 
18.8 1.02564 1.64475 1.30346 
18.8 1.15385 1.60043 1.25979 
18.8 1.28205 1.54878 1.21729 
18.8 1.41026 1.49116 1.17702 
18.8 1.53846 1.42908 1.13995 
18.8 1.66667 1.36415 1.10698 
18.8 1.79487 1.29799 1.07889 
18.8 1.92308 1.23227 1.05634 
18.8 2.05128 1.16857 1.03983 
18.8 2.17949 1.10843 1.02974 
18.8 2.30769 1.05325 1.02629 
18.8 2.4359 1.00431 1.02952 
18.8 2.5641 0.962703 1.03934 
18.8 2.69231 0.929362 1.05552 
18.8 2.82051 0.905017 1.07765 
18.8 2.94872 0.890197 1.10522 
18.8 3.07692 0.885221 1.13757 
18.8 3.20513 0.890197 1.17395 
18.8 3.33333 0.905017 1.21349 
18.8 3.46154 0.929362 1.25528 
18.8 3.58974 0.962703 1.29831 
18.8 3.71795 1.00431 1.34154 
18.8 3.84615 1.05325 1.38394 
18.8 3.97436 1.10843 1.42445 
18.8 4.10256 1.16857 1.46208 
18.8 4.23077 1.23227 1.49588 
18.8 4.35897 1.29799 1.52498 
18.8 4.48718 1.36415 1.54863 
18.8 4.61538 1.42908 1.56621 
18.8 4.74359 1.49116 1.57724 
18.8 4.87179 1.54878 1.58143 
18.8 5 1.60043 1.57863 
19.2 0 1.45739 1.56674 
19.2 0.128205 1.51608 1.57418 
19.2 0.25641 1.56965 1.57485 
19.2 0.384615 1.61668 1.5687 
19.2 0.512821 1.65592 1.55587 
19.2 0.641026 1.68633 1.53669 
19.2 0.769231 1.70707 1.51163 
19.2 0.897436 1.71758 1.48135 
19.2 1.02564 1.71758 1.44661 
19.2 1.15385 1.70707 1.4083 
19.2 1.28205 1.68633 1.36742 
19.2 1.41026 1.65592 1.32499 
19.2 1.53846 1.61668 1.28209 
19.2 1.66667 1.56965 1.23981 
19.2 1.79487 1.51608 1.19918 
19.2 1.92308 1.45739 1.16121 
19.2 2.05128 1.39509 1.12681 
19.2 2.17949 1.33077 1.09682 
19.2 2.30769 1.26604 1.07193 
19.2 2.4359 1.20249 1.05273 
19.2 2.5641 1.14167 1.03965 
19.2 2.69231 1.08501 1.03298 
19.2 2.82051 1.03384 1.03285 
19.2 2.94872 0.989322 1.03926 
19.2 3.07692 0.952468 1.05202 
19.2 3.20513 0.924096 1.07083 
19.2 3.33333 0.904831 1.09524 
19.2 3.46154 0.895092 1.12468 
19.2 3.58974 0.895092 1.15844 
19.2 3.71795 0.904831 1.19573 
19.2 3.84615 0.924096 1.23568 
19.2 3.97436 0.952468 1.27733 
19.2 4.10256 0.989322 1.31969 
19.2 4.23077 1.03384 1.36172 
19.2 4.35897 1.08501 1.40241 
19.2 4.48718 1.14167 1.44076 
19.2 4.61538 1.20249 1.4758 
19.2 4.74359 1.26604 1.50664 
19.2 4.87179 1.33077 1.53251 
19.2 5 1.39509 1.55272 
19.6 0 1.23572 1.4878 
19.6 0.128205 1.29869 1.51561 
19.6 0.25641 1.36202 1.5382 
19.6 0.384615 1.42414 1.55497 
19.6 0.512821 1.48348 1.56549 
19.6 0.641026 1.53852 1.56945 
19.6 0.769231 1.58783 1.56675 
19.6 0.897436 1.63011 1.55743 
19.6 1.02564 1.66423 1.54173 
19.6 1.15385 1.68929 1.52003 
19.6 1.28205 1.7046 1.49288 
19.6 1.41026 1.70975 1.46099 
19.6 1.53846 1.7046 1.42516 
19.6 1.66667 1.68929 1.38632 
19.6 1.79487 1.66423 1.34545 
19.6 1.92308 1.63011 1.30359 
19.6 2.05128 1.58783 1.26179 
19.6 2.17949 1.53852 1.2211 
19.6 2.30769 1.48348 1.18251 
19.6 2.4359 1.42414 1.14698 
19.6 2.5641 1.36202 1.11536 
19.6 2.69231 1.29869 1.0884 
19.6 2.82051 1.23572 1.06673 
19.6 2.94872 1.17464 1.05086 
19.6 3.07692 1.11693 1.04114 
19.6 3.20513 1.06395 1.03779 
19.6 3.33333 1.01692 1.04086 
19.6 3.46154 0.976913 1.05027 
19.6 3.58974 0.94484 1.06577 
19.6 3.71795 0.921412 1.087 
19.6 3.84615 0.907147 1.11345 
19.6 3.97436 0.902357 1.14449 
19.6 4.10256 0.907147 1.17939 
19.6 4.23077 0.921412 1.21733 
19.6 4.35897 0.94484 1.2574 
19.6 4.48718 0.976913 1.29865 
19.6 4.61538 1.01692 1.34008 
19.6 4.74359 1.06395 1.38069 
19.6 4.87179 1.11693 1.41948 
19.6 5 1.17464 1.45548 
20 0 1.04527 1.3594 
20 0.128205 1.09442 1.39837 
20 0.25641 1.1488 1.43507 
20 0.384615 1.20714 1.46859 
20 0.512821 1.26804 1.49808 
20 0.641026 1.33003 1.52279 
20 0.769231 1.39159 1.54209 
20 0.897436 1.45117 1.55546 
20 1.02564 1.50726 1.56254 
20 1.15385 1.55842 1.56315 
20 1.28205 1.60331 1.55725 
20 1.41026 1.64075 1.54497 
20 1.53846 1.66975 1.52661 
20 1.66667 1.68953 1.50266 
20 1.79487 1.69955 1.4737 
20 1.92308 1.69955 1.44049 
20 2.05128 1.68953 1.40386 
20 2.17949 1.66975 1.36476 
20 2.30769 1.64075 1.32417 
20 2.4359 1.60331 1.28313 
20 2.5641 1.55842 1.24264 
20 2.69231 1.50726 1.20373 
20 2.82051 1.45117 1.16734 
20 2.94872 1.39159 1.13436 
20 3.07692 1.33003 1.10559 
20 3.20513 1.26804 1.0817 
20 3.33333 1.20714 1.06325 
20 3.46154 1.1488 1.05067 
20 3.58974 1.09442 1.04423 
20 3.71795 1.04527 1.04408 
20 3.84615 1.00249 1.0502 
20 3.97436 0.967057 1.06243 
20 4.10256 0.939766 1.08046 
20 4.23077 0.92123 1.10388 
20 4.35897 0.911858 1.13212 
20 4.48718 0.911858 1.16451 
20 4.61538 0.92123 1.20029 
20 4.74359 0.939766 1.2386 
20 4.87179 0.967057 1.27853 
20 5 1.00249 1.31913 
